SRTF;2;12
1;FF6B6B;0;2;4;[]
2;4ECDC4;0;16;5;[]
3;45B7D1;0;1;1;[]
4;F7B801;0;9;4;[]
5;A29BFE;0;3;2;[]
6;FF8C42;0;6;4;[]
7;2ECC71;0;4;1;[]
8;E84393;0;13;1;[]
9;FF6B6B;0;12;1;[]
10;4ECDC4;0;14;2;[]
11;45B7D1;0;14;1;[]
12;F7B801;0;9;3;[]
13;A29BFE;0;9;3;[]
14;FF8C42;0;8;3;[]
15;2ECC71;0;6;2;[]
16;E84393;0;16;1;[]
17;FF6B6B;0;10;2;[]
18;4ECDC4;0;4;4;[]
19;45B7D1;0;9;1;[]
20;F7B801;0;17;4;[]
21;A29BFE;0;16;1;[]
22;FF8C42;0;8;1;[]
23;2ECC71;0;4;4;[]
24;E84393;0;14;3;[]
25;FF6B6B;0;19;5;[]
26;4ECDC4;0;13;4;[]
27;45B7D1;0;19;1;[]
28;F7B801;0;19;1;[]
29;A29BFE;0;1;4;[]
30;FF8C42;0;13;5;[]
